2000, -0.0065
2000, 0.0455
4000, 0.031
6000, -0.006
8000, 0.063
10000, 0.033
12000, 0.044
14000, 0.066
2000, -0.0145
4000, 0.002
6000, 0.012
8000, 0.057
10000, 0.065
2000, 0.0255
4000, 0.01
6000, 0.02
8000, 0.024
10000, 0.026
2000, 0.0225
4000, 0.031
6000, 0.057
8000, -0.007
10000, -0.019
12000, -0.002
14000, 0.037
16000, 0.016
18000, 0.014
20000, 0.045
22000, 0.041
24000, 0.021
26000, 0.034
28000, 0.037
30000, 0.055
32000, 0.063
34000, 0.032
36000, 0.066
38000, 0.081
40000, 0.036
42000, 0.027
44000, 0.057
46000, 0.056
48000, 0.02
50000, 0.062
52000, 0.074
54000, 0.024
56000, 0.066
58000, 0.094
60000, 0.086
62000, 0.094
64000, 0.044
66000, 0.062
68000, 0.066
70000, 0.055
72000, 0.075
74000, 0.123
76000, 0.09
78000, 0.071
80000, 0.094
82000, 0.062
84000, 0.061
86000, 0.061
88000, 0.097
90000, 0.073
92000, 0.106
94000, 0.113
96000, 0.091
98000, 0.077
100000, 0.069
